WORA_puffballcrafter2
48*36
4.9744*5.6851|0|0
-220,-30
Border: Solid
0,18,27|0,46,20|



0

1|1|1|1|1|1|1|1|1|1|1|1|1|1|1|1|1|1|1|1|1|1|1|1|1|1|1|1|1|1|1|1|1|1|1|1|1|1|1|1,4,3|1|1|1|1|1|1|1|1|1|1|1|1|1|1|1|1|1|1|1|1|1|1|1|1|1|1|1|1|1|1|1|1|1|1|1|1,3|1|1|1|1|1|1|1|1|1|1|1|1|1|1|1|1|1|1|1|1|1|1|1|1|1|1|1|1|1|1|1|1|1|1|1|1,3|1|1|1|1|0,6|0,6|0|0|0|0|0|0|0|0|0,6|0,6|1|1|1|1|1|1|1|1|1|1|1|1|1|1|1|1|1|1|1|1,3|1,3|1,3|4,3,6|0,2,1,6|0,1,6|0,1,6|0,6|0,6|0,6|0,6|0,6|0,6|0,6|0,6|0,6|0,6|1|1|1|1|1|1|1|1|1|1|1|1|1|1|1|1|1|1|1|1|1|1|1|1|0,6|0,6|0|0|0|0|0|0|0|0|0,6|0,6|0,6|0,6|0,6|0,6|0,6|0,6|0,6|1|1|1|1|1|1|1|1|1|1|1|1|1|1|0,6|0,6|0,6|0,6|0,6|0|0|0|1|1|1|0|0|0|0|0|0|0,6|0,6|0,6|0,6|0,6|3,6|0,6|0,6|0,6|1|1|1|1|1|1|1|1|1|1|0,6|0|0|0|0|0|0,6|0,6|1|1|1|0,6|0|0|0,6|0,6|0,6|0|0|0|0|0,6|1|1|1|0,6|1|1|1|1|1|1|1|1|1|0,6|0,6|0|0|0|0|0|0,6|0,6|1|1|1|0,6|0,6|0|0,6|0,6|0,6|0|0|0|0|0,6|1|1|1|0,6|1|1|1|1|1|1|1|1|1|0,6|0,6|0|0|0|0|0|0,6|0,6|0,6|0|0|0,6|0|0|0,6|0,6|0,6|0|0|0|0|0,6|1|1|1|0,6|1|1|1|1|1|1|1|1|1|0,6|0,6|0|0|0|0|0|0|0,6|0|0|0|0|0|0|0|0,6|0|0|0|0|0|0,6|1|1|1|0,6|1|1|1|1|1|1|1|1|1|0,6|0,6|0|0|0|0|1|1|0,6|0|0|0|0|0|0|1|0,6|0|0|0|0|0|0,6|1|1|1|0,6|1|1|1|1|1|1,12,3|1|1|1|0,6|0|0|0|0|0|1|1|0,6|0,6|0,6|0|0|0|0,6|3,6|0,6|0,6|0,6|0|0|0|0,6|1|1|1|0,6|1|1|1|1|1|1,3|1|1|0,6|0,6|0|0|0|0|0|0,6|0,6|0,6|0,6|0,6|0|0|0|0,6|3,6|0,6|0,6|0,6|0|0|0|0,6|1|1|1|0,6|1|1|1|1|1|1,3|4,3,6|0,2,1,6|0,1,6|0,1,6|0,1|0,1|0,1|0|0|0,6|0,6|0,6|0,6|0,6|0|0|0|0,6|3,6|0,6|0,6|0,6|0|0|0|0,6|1|1|1|0,6|1|1|1|1|1|1|1|1|0,6|0,6|0,6|0,6|0,6|0,6|0,6|0,6|0,6|0,6|0,6|0,6|0,6|0,6|0,6|0,6|3,6|0,6|0,6|0,6|0,6|0,6|0,6|0,6|1|1|1|0,6|1|1|1|1|1|1|1|1|1|0,6|0|0|0|0|0|1|1|0,6|0,6|0,6|0|0|0|0,6|3,6|0,6|0,6|0,6|0|0|0|0,6|1|1|1|0,6|1|1|1|1|1|1|1|1|1|0,6|0|0|0|0|0|1|1|0,6|0,6|0,6|0|0|0|0,6|3,6|0,6|0,6|0,6|0|0|0|0,6|1|1|1|0,6|1|1|1|1|1|1|1|1|1|0,6|0|0|0|0|0|0,2,6|0,6|0,6|0,6|0,6|0|0|0|0,6|1|0,6|0,6|0,6|0|0|0|0,6|1|1|1|0,6|1|1|1|1|1|1|1|1|1|0,6|0,6|0|0|0|0|0,2,1,6|0,1,6|0,6|0,6|0,6|0|0|0,1|0,1,6|0,2,1,6|0,1,6|0,1,6|0,1,6|0|0|1|1|1|1|1|0,6|1|1|1|1|1|1|1|1|1|0,6|0,6|0|0|0|0|0,6|0,6|0,6|0,6|0,6|0|0|0|0,6|0,6|0,6|0,6|0,6|0|0|1|1|1|1|1|0,6|1|1|1|1|1|1|1|1|1|1|0,6|0|0|0|0|0,6|0,6|0,6|0,6|0,6|0|0|0|0,6|0,6|0,6|0,6|0,6|0|0|1|1|1|0,6|0,6|0,6|0,6|1|1|1|1|1|1|1|1|1|0,6|0|0|0|0|0,6|0,6|0,6|0,6|0,6|0|0|0|0,6|0,6|0,6|0,6|0,6|0|0|1|1|1|0,6|0,6|0,1,6|0,1,6|3,1,6|0,1,6|4,3,6|1,3|1|1|1|1|1|0,6|0|0|0|0|0,6|0,6|0,6|0,6|0,6|0|0|0|0,6|0,6|0,6|0,6|0,6|0|0|1|1|0,6|0,6|0,6|0,6|0,6|1|1|1|1|1|1,4,3|1,3|4,3,6|0,2,1,6|0,1,6|0,1|0,1|0|0|0,6|0,6|0,6|0,6|0,6|0|0|0|0,6|0,6|0,6|0,6|0,6|0|0|1|1|0,1,6|0,1,6|0,1,6|0,1,6|0,1,6|3,1,6|0,1,6|4,3,6|1,4,3|1|1|1|1|1|0,6|0|0|0|0|0,6|0,6|0,6|0,6|0,6|0|0|0|0,6|0,6|0,6|0,6|0,6|0|0|1|1|0,6|0,6|0,6|0,6|0,6|1|1|1|1|1|1|1|1|1|0,6|0|0|0|0|0,6|0,6|0,6|0,6|0,6|0|0|0|0,6|0,6|0,6|0,6|0,6|0|0|1|1|1|0,6|0,1,6|0,1,6|0,1,6|3,1,6|0,1,6|4,3,6|1,3|1|1|1|1|1|0,6|0|0|0|0|0,6|0,6|0,6|0,6|0,6|0|0|0|0,6|0,6|0,6|0,6|0,6|0|0|1|1|1|0,6|0,6|0,6|0,6|1|1|1|1|1|1|1|1|0,6|0,6|0|0|0|0|0,6|0,6|0,6|0,6|0,6|0|0|0|0,6|0,6|0,6|0,6|0,6|0|0|1|1|1|0,6|0,6|0,6|0,1,6|3,1,6|0,1,6|4,3,6|1,3|1|1|1|1|0,6|0,6|0|0|0|0|0,2,1,6|0,1,6|0,6|0,6|0,6|0|0|0,1|0,1,6|0,2,1,6|0,1,6|0,1,6|0,1,6|0|0|1|1|1|1|0,6|0,6|0,6|1|1|1|1|1|1|1|1|0,6|0|0|0|0|0|0,2,6|0,6|0,6|0,6|0,6|0|0|0|0,6|1|0,6|0,6|0,6|0|0|0|0,6|1|1|0,6|0,6|0,6|1|1|1|1|1|1|1|1|0,6|0|0|0|0|0|1|1|0,6|0,6|0,6|0|0|0|0,6|3,6|0,6|0,6|0,6|0|0|0|0,6|1|1|1|0,6|0,6|1|1|1|1|1|1|1|1|0,6|0|0|0|0|0|1|1|0,6|0,6|0,6|0|0|0|0,6|3,6|0,6|0,6|0,6|0|0|0|0,6|1|1|1|0,6|0,6|1|1|1|1|1|1|1|0,6|0,6|0,6|0,6|0,6|0,6|0,6|0,6|0,6|0,6|0,6|0,6|0,6|0,6|0,6|0,6|3,6|0,6|0,6|0,6|0,6|0,6|0,6|0,6|1|1|1|0,6|1|1|1|1|1|1,3|4,3,6|0,2,1,6|0,1,6|0,1,6|0,1|0,1|0|0|0|0,6|0,6|0,6|0,6|0,6|0|0|0|0,6|3,6|0,6|0,6|0,6|0|0|0|0,6|1|1|1|0,6|1|1|1|1|1|1,3|1|1|0,6|0,6|0|0|0|0|0|0,6|0,6|0,6|0,6|1|0|0|0|0,6|3,6|0,6|0,6|0,6|0|0|0|0,6|1|1|1|0,6|1|1|1|1|1|1,5,3|1|1|1|0,6|0|0|0|0|0|0,6|0,6|0,6|0,6|3,6|0|0|0|0,6|3,6|0,6|0,6|0,6|0|0|0|0,6|1|1|1|0,6|1|1|1|1|1|1|1|1|1|0,6|0,6|0|0|0|0|0|0|0,6|0|3|0|0|0|0|1|0,6|0|0|0|0|0|0,6|1|1|1|0,6|1|1|1|1|1|1|1|1|1|0,6|0,6|0|0|0|0|1|1|0,6|0|3|0|0|0|0|0|0,6|0|0|0|0|0|0,6|1|1|1|0,6|1|1|1|1|1|1|1|1|1|0,6|0,6|0|0|0|0|1|1|0,6|0,6|3|0|0,6|0|0|0,6|0,6|0,6|0|0|0|0|0,6|3,6|0,6|0,6|0,6|1|1|1|1|1|1|1|1|1|0,6|0,6|0|0|0|0|0|0,6|0,6|0,6|3|0,6|0,6|0,6|0|0,6|0,6|0,6|0|0|0|0|0,6|1|1|1|1|1|1|1|1|1|1|1|1|1|1|0,6|0|0|0|0|0|0,6|0,6|0,6|1|0|0,6|0|0|0,6|0,6|0,6|0|0|0|0|0,6|1|1|1|1|1|1|1|1|1|1|1|1|1|1|0,6|0,6|0,6|0,6|0,6|0|0,1|0,1|0,1|0,2,1|0,1|0,1|0,1|0|0|0|0|0,6|0,6|0,6|0,6|0,6|1|1|1|1|1|1|1|1|1|1|1|1|1|1|1|1|1|0,6|0,6|0|0|0|0|0|0|0|0|0,6|0,6|0,6|0,6|0,6|0,6|0,6|0,6|0,6|1|1|1|1|1|1|1|1|1|1|1|1|1,3|1,3|1,3|4,3,6|0,2,1,6|0,1,6|0,1,6|0,6|0,6|0,6|0,6|0,6|0,6|0,6|0,6|0,6|0,6|1|1|1|1|1|1|1|1|1|1|1|1|1|1|1|1|1|1|1|1,3|1|1|1|1|0,6|0,6|0|0|0|0|0|0|0|0|0,6|0,6|1|1|1|1|1|1|1|1|1|1|1|1|1|1|1|1|1|1|1|1,3|1|1|1|1|1|1|1|1|1|1|1|1|1|1|1|1|1|1|1|1|1|1|1|1|1|1|1|1|1|1|1|1|1|1|1|1,4,3|1|1|1|1|1|1|1|1|1|1|1|1|1|1|1|1|1|1|1|1|1|1|1|1|1|1|1|1|1|1|1|1|
